11111
111
11
11
1
11
1
1
1
1
1
1
1
1
1
1
1
1
1
1
1
1
1111111
111
11
11
1
11
1
1
1
1
1
1
1
1
1
1
1
1
1
1
1
1
1111111
111
11
11
1
11
1
1
1
1
1
1
1
1
1
1
1
1
1
1
1
1
1111111
111
11
11
1
11
1
1
1
1
1
1
1
1
1
1
1
1
1
1
1
1
1111111
111
11
11
1
11
1
1
1
1
1
1
1
1
1
1
1
1
1
1
1
1
1111111
111
11
11
1
11
1
1
1
1
1
1
1
1
1
1
1
1
1
1
1
1
1111111
111
11
11
1
11
1
1
1
1
1
1
1
1
1
1
1
1
1
1
1
1
1111111
111
11
11
1
11
1
1
1
1
1
1
1
1
1
1
1
1
1
1
1
1
1111111
111
11
11
1
11
1
1
1
1
1
1
1
1
1
1
1
1
1
1
1
1
1111111
111
11
11
1
11
1
1
1
1
1
1
1
1
1
1
1
1
1
1
1
1
1111111
111
11
11
1
11
1
1
1
1
1
1
1
1
1
1
1
1
1
1
1
1
1111111
111
11
11
1
11
1
1
1
1
1
1
1
1
1
1
1
1
1
1
1
1
11
